6.387203 CabinetObj(Clone) -14.42067 0.8200017 -9.664482 270 359.9825 0
6.387203 CabinetObj(Clone) -14.33701 0.8199975 6.07624 270 -0.0015626 0
6.387203 3DTVObj(Clone) -5.195346 1.6492 8.816628 270 -7.123765E-05 0
6.387203 3DTVObj(Clone) -14.03841 1.651311 4.103297 270.1948 95.81839 173.9777
6.387203 DeskObj(Clone) -14.04098 0.9170073 -7.258806 270.0766 0.002076712 0
6.387203 DeskObj(Clone) -14.041 0.9170055 -4.328957 270.0593 0.0004512718 0
6.387203 DeskObj(Clone) -14.04098 0.9170073 -1.378785 270.074 0.002040664 0
6.387203 DeskObj(Clone) -14.04098 0.9170091 1.629563 270 0.0009119295 0
6.387203 WhiteBoardObj(Clone) -10.7 2.38 6.98 270 0 0
6.387203 DeskObj(Clone) -10.72768 0.9169914 -9.915977 270.0766 267.6024 0
6.387203 DeskObj(Clone) -7.729039 0.9170561 -9.953458 270.0791 269.4811 0
6.387203 DeskObj(Clone) -4.758664 0.9170604 -9.953797 270.0766 269.4657 0
6.387203 DeskObj(Clone) -1.757337 0.9170177 -9.953707 270.056 269.462 0
6.387203 DeskObj(Clone) 1.324946 0.916998 -9.814034 270.0713 263.6929 0
6.387203 DeskObj(Clone) 4.203795 0.9170058 -9.399305 270.0443 260.9641 0
6.387203 DeskObj(Clone) 7.288761 0.9170083 -8.900165 270.074 260.8235 0
6.387203 DeskObj(Clone) 14.37965 0.9170231 -5.327893 270.1297 350.4829 359.5174
6.387203 DeskObj(Clone) 13.84981 0.9170072 -2.338759 270.074 350.0021 0
6.387203 DeskObj(Clone) 13.31981 0.9170071 0.6612384 270.074 350.0021 0
6.387203 DeskObj(Clone) 12.78981 0.9170059 3.691228 270.0766 350.0018 0
6.387203 DeskObj(Clone) 10.50125 0.9170069 6.549793 270.074 98.20185 0
6.387203 DeskObj(Clone) 7.571404 0.917063 6.970027 270.0766 98.18439 0
6.387203 DeskObj(Clone) 4.611217 0.9170096 7.399804 270.0713 98.20177 0
6.387203 DeskObj(Clone) 1.661315 0.9170095 7.829787 270.0791 98.20174 0
6.387203 WhiteBoardObj(Clone) -2.05 2.4 8.99 270 8.199996 0
6.387203 DeskObj(Clone) -6.769973 0.9170074 -3.708769 270.0713 0.001811635 0
6.387203 DeskObj(Clone) -6.769972 0.9170074 -0.5887678 270.074 0.002091453 0
6.387203 DeskObj(Clone) -8.290025 0.9170052 -0.5912658 270.074 180.0023 0
6.387203 DeskObj(Clone) -8.290024 0.9169948 -3.731225 270.074 180.0022 0
6.387203 DeskObj(Clone) 5.059968 0.9170011 -3.731278 270.0791 180.0018 0
6.387203 DeskObj(Clone) 5.059981 0.9170048 -0.5900148 270.0198 180.001 0
6.387203 DeskObj(Clone) 6.580029 0.9170072 -0.5887467 270.074 0.002036063 0
6.387203 DeskObj(Clone) 6.580032 0.9170085 -3.708653 270.0791 0.001013712 0
6.387203 locker(Clone) -6.111685 1.750126 3.801204 270.0198 180.0507 0
6.387203 locker(Clone) -6.111435 1.750134 4.449862 270.028 180.0417 0
6.387203 locker(Clone) -6.759542 1.750129 3.351677 270.028 270.0561 0
6.387203 locker(Clone) -7.369993 1.750137 3.351572 270 270.05 0
6.387203 locker(Clone) -7.372023 1.750123 4.941491 270 89.95273 0
6.387203 locker(Clone) -6.761645 1.750119 4.941481 270 89.95318 0
6.387203 locker(Clone) -8.018529 1.750123 4.450158 270.0198 0.04317151 0
6.387203 locker(Clone) -8.018528 1.750123 3.800158 270.0198 0.0432054 0
6.387203 locker(Clone) 4.431493 1.750128 3.799933 270.0198 0.04374151 0
6.387203 locker(Clone) 4.430626 1.750098 4.450638 270.0198 0.01765407 0
6.387203 locker(Clone) 5.688354 1.750119 4.941482 270 89.95306 0
6.387203 locker(Clone) 5.080385 1.750091 4.940751 270 89.97781 0
6.387203 locker(Clone) 5.081911 1.750104 3.350591 270.0198 270.0235 0
6.387203 locker(Clone) 5.690006 1.750137 3.351572 270 270.05 0
6.387203 locker(Clone) 6.338507 1.750127 4.450068 270.0198 180.0437 0
6.387203 locker(Clone) 6.338527 1.750122 3.799843 270 180.0431 0
