17.13765 ChairObj (8) 3.89 0.59 -4.5 270 90.00001 0
17.13765 locker (7) -8.019118 1.750152 3.800334 270.0198 0.0259697 0
17.13765 ChairObj (46) -12.77 0.5900006 -5.16 270 270.2 0
17.13765 ChairObj (7) -9.77 0.59 -4.5 270 90.00002 0
17.13765 ChairObj (19) 6.7 0.5900002 5.85 270 8.500018 0
17.13765 locker (14) 6.339119 1.75015 4.449667 270.028 180.0259 0
17.13765 locker (1) -6.110881 1.75015 4.449667 270.0198 180.0259 0
17.13765 ChairObj (14) 7.89 0.5899998 -2.75 270 270 0
17.13765 ChairObj (5) -9.77 0.5899997 0.34 270 90.00001 0
17.13765 ChairObj (25) 11.89 0.5899997 1.16 270 83.90003 0
17.13765 ChairObj (33) 2.01 0.5899997 -8.4 270 172.14 0
17.13765 ChairObj (49) -12.74 0.5899999 2.46 270 270.2 0
17.13765 ChairObj (30) 6.29 0.59 -7.81 270 172.14 0
17.13765 ChairObj (22) 9.62 0.5900003 5.409999 270 8.500012 0
17.13765 DeskObj (26) 6.580017 0.9170111 -3.708522 270.0885 0.0003659267 0
17.13765 ChairObj (47) -12.76 0.5900028 -2.23 270 270.2 0
17.13765 ChairObj (50) -12.75 0.5899997 0.9100002 270 270.2 0
17.13765 ChairObj (34) 0.3099999 0.5900006 -8.64 270 172.14 0
17.13765 ChairObj (39) -6.91 0.5900013 -8.93 270 181.8 0
17.13765 locker (4) -7.370317 1.750152 4.94094 270.0396 89.97083 0
17.13765 ChairObj (23) 11.47 0.5899998 2.84 270 83.90002 0
17.13765 DeskObj (23) 5.059982 0.9170151 -3.731546 270.0906 180.0014 0
17.13765 locker (12) 5.080693 1.750117 3.350319 270.0198 270.0127 0
17.13765 DeskObj (24) 5.059982 0.9170138 -0.591584 270.0949 180.0011 0
17.13765 DeskObj (18) 1.661067 0.9169868 7.829837 270.0626 98.20042 0
17.13765 ChairObj (13) 7.89 0.5899997 0.3399999 270 270 0
17.13765 DeskObj (9) 4.20295 0.9173338 -9.399423 270.1047 260.9595 0
17.13765 ChairObj (31) 3.13 0.59 -8.25 270 172.14 0
17.13765 locker -6.110882 1.750121 3.8002 270.028 180.0266 0
17.13765 ChairObj (35) -0.9000002 0.5900012 -8.81 270 181.8 0
17.13765 CabinetObj -14.42067 0.8200034 -9.664481 270 359.9821 0
17.13765 ChairObj (11) 3.89 0.5900009 -1.41 270 89.99998 0
17.13765 ChairObj (20) 8.05 0.5900002 5.650001 270 8.500006 0
17.13765 ChairObj (21) 11.31 0.5899999 4.34 270 83.90003 0
17.13765 ChairObj (38) -3.97 0.5900013 -8.71 270 181.8 0
17.13765 DeskObj (7) -1.75718 0.9173051 -9.954261 270.0485 269.4607 0
17.13765 locker (15) 6.339119 1.75015 3.799666 270.0198 180.0259 0
17.13765 ChairObj (32) 4.79 0.59 -8.02 270 172.14 0
17.13765 ChairObj (40) -8.6 0.5900008 -8.88 270 181.8 0
17.13765 ChairObj (3) -5.54 0.5900002 -1.41 270 270 0
17.13765 DeskObj (16) 7.571197 0.9170566 6.969938 270.0685 98.19335 0
17.13765 3DTVObj -5.195344 1.649201 8.816624 270 -3.380769E-05 0
17.13765 locker (11) 5.080527 1.750105 4.940411 270.0198 89.98792 0
17.13765 DeskObj (14) 12.78982 0.9170024 3.691073 270.0685 350.0004 0
17.13765 ChairObj (37) -5.66 0.5900012 -8.66 270 181.8 0
17.13765 DeskObj (3) -14.04099 0.9170151 1.629932 270 0.0005137004 0
17.13765 locker (10) 5.689682 1.750152 4.94094 270.028 89.97084 0
17.13765 DeskObj (12) 13.84982 0.9170025 -2.338915 270.0685 350.0007 0
17.13765 DeskObj (5) -7.728055 0.9174238 -9.954537 270.0656 269.4774 0
17.13765 ChairObj (16) 2.19 0.5900003 6.52 270 8.499962 0
17.13765 ChairObj (45) -12.76 0.5899997 -3.61 270 270.2 0
17.13765 DeskObj (22) -8.290016 0.9170165 -3.731688 270.1065 180.0012 0
17.13765 locker (3) -7.370317 1.750152 3.35094 270.028 270.0302 0
17.13765 DeskObj (20) -6.769985 0.9170091 -0.5886356 270.0862 0.000900546 0
17.13765 locker (5) -6.760317 1.750152 4.94094 270.028 89.9709 0
17.13765 WhiteBoardObj (1) -2.05 2.4 8.99 270 8.199996 0
17.13765 ChairObj (28) 7.95 0.5899997 -7.6 270 172.14 0
17.13765 ChairObj (2) -5.54 0.5900002 0.3399998 270 270 0
17.13765 DeskObj (17) 4.611077 0.9169957 7.399837 270.0685 98.20039 0
17.13765 ChairObj (1) -5.54 0.5899998 -2.75 270 270 0
17.13765 ChairObj (4) -9.77 0.5899985 -1.41 270 89.99998 0
17.13765 ChairObj (6) -9.77 0.5899987 -2.75 270 89.99998 0
17.13765 ChairObj (17) 5.09 0.5900002 6.090001 270 8.50001 0
17.13765 DeskObj (6) -4.758446 0.9174502 -9.954506 270.0685 269.4662 0
17.13765 ChairObj (27) 12.66 0.5899995 -3.33 270 83.89998 0
17.13765 DeskObj (21) -8.290016 0.9170148 -0.5916983 270.1047 180.0013 0
17.13765 locker (9) 4.430341 1.750118 4.450683 270.0198 0.009541 0
17.13765 ChairObj (26) 12.5 0.5900006 -1.83 270 83.90002 0
17.13765 ChairObj (18) 3.74 0.5900002 6.29 270 8.500015 0
17.13765 DeskObj (2) -14.04099 0.9170097 -1.378615 270.0885 0.0008207178 0
17.13765 ChairObj (24) 12.05 0.589999 -0.34 270 83.90004 0
17.13765 ChairObj (48) -12.75 0.5899996 -0.6799998 270 270.2 0
17.13765 ChairObj -5.54 0.5900001 -4.5 270 270 0
17.13765 DeskObj (10) 7.288915 0.9170091 -8.900154 270.0685 260.8219 0
17.13765 DeskObj (25) 6.580016 0.9170097 -0.5886144 270.0862 0.0008594762 0
17.13765 DeskObj (4) -10.7277 0.9170108 -9.915991 270.0791 267.6009 0
17.13765 DeskObj (11) 14.37929 0.9170443 -5.325686 270.2712 350.6052 359.3952
17.13765 ChairObj (10) 0.8400001 0.5900001 6.72 270 8.500007 0
17.13765 ChairObj (36) -2.59 0.5900012 -8.76 270 181.8 0
17.13765 DeskObj (19) -6.769985 0.9170095 -3.708633 270.0816 0.0008192935 0
17.13765 locker (6) -8.01912 1.750151 4.450334 270.0198 0.02590706 0
17.13765 DeskObj -14.04099 0.9170091 -7.258636 270.0885 0.0008763782 0
17.13765 ChairObj (42) -9.8 0.5900009 -8.84 270 181.8 0
17.13765 locker (2) -6.760215 1.750121 3.350878 270.028 270.0294 0
17.13765 DeskObj (15) 10.49978 0.917033 6.549966 270.0198 98.20405 0
17.13765 3DTVObj (1) -14.0388 1.651487 4.103184 270.2056 92.45883 177.3691
17.13765 ChairObj (43) -12.78 0.5900007 -8.02 270 270.2 0
17.13765 DeskObj (1) -14.04106 0.917057 -4.327907 270.1312 358.5275 1.472558
17.13765 ChairObj (12) 7.89 0.5899988 -1.41 270 270 0
17.13765 DeskObj (13) 13.31982 0.9170024 0.6610848 270.0685 350.0006 0
17.13765 CabinetObj (1) -14.337 0.8199975 6.076243 270 -0.0007762184 0
17.13765 ChairObj (44) -12.77 0.5899996 -6.47 270 270.2 0
17.13765 ChairObj (29) 12.92 0.59 -4.8 270 83.89997 0
17.13765 locker (8) 4.430881 1.750151 3.800334 270.028 0.02593973 0
17.13765 locker (13) 5.689682 1.750153 3.35094 270.028 270.0302 0
17.13765 ChairObj (41) -11.49 0.5900009 -8.79 270 181.8 0
17.13765 ChairObj (15) 7.889999 0.59 -4.5 270 270 0
17.13765 WhiteBoardObj -10.7 2.38 6.98 270 0 0
17.13765 DeskObj (8) 1.325383 0.916949 -9.813972 270.0396 263.6937 0
17.13765 ChairObj (9) 3.89 0.5899998 -2.75 270 90.00002 0
